channels, smpl/sec, byte/sec (kbps)

  2        32000     40000  (320)
  2        44100     40000  (320)
  2        48000     40000  (320)
  2        32000     32000  (256)
  2        44100     32000  (256)
  2        48000     32000  (256)
  2        32000     28000  (224)
  2        44100     28000  (224)
  2        48000     28000  (224)
  2        32000     24000  (192)
  2        44100     24000  (192)
  2        48000     24000  (192)
  2        32000     20000  (160)
  2        44100     20000  (160)
  2        48000     20000  (160)
  2        32000     16000  (128)
  2        44100     16000  (128)
  2        48000     16000  (128)
  2        32000     14000  (112)
  2        44100     14000  (112)
  2        48000     14000  (112)
  2        32000     12000  ( 96)
  2        44100     12000  ( 96)
  2        48000     12000  ( 96)
  2        16000     10000  ( 80)
  2        22050     10000  ( 80)
  2        24000     10000  ( 80)
  2        16000      8000  ( 64)
  2        22050      8000  ( 64)
  2        24000      8000  ( 64)
  2        16000      7000  ( 56)
  2        22050      7000  ( 56)
  2        24000      7000  ( 56)
  2        16000      6000  ( 48)
  2        22050      6000  ( 48)
  2        24000      6000  ( 48)
  2        16000      5000  ( 40)
  2        22050      5000  ( 40)
  2        24000      5000  ( 40)
  2         8000      4000  ( 32)
  2        11025      4000  ( 32)
  2        12000      4000  ( 32)
  2        16000      4000  ( 32)
  2        22050      4000  ( 32)
  2        24000      4000  ( 32)
  2         8000      3000  ( 24)
  2        11025      3000  ( 24)
  2        12000      3000  ( 24)
  2         8000      2500  ( 20)
  2        11025      2500  ( 20)
  2        12000      2500  ( 20)
  2         8000      2250  ( 18)
  2        11025      2250  ( 18)
  2        12000      2250  ( 18)
  1        32000     16000  (128)
  1        44100     16000  (128)
  1        48000     16000  (128)
  1        32000     14000  (112)
  1        44100     14000  (112)
  1        48000     14000  (112)
  1        32000     12000  ( 96)
  1        44100     12000  ( 96)
  1        48000     12000  ( 96)
  1        32000     10000  ( 80)
  1        44100     10000  ( 80)
  1        48000     10000  ( 80)
  1        32000      8000  ( 64)
  1        44100      8000  ( 64)
  1        48000      8000  ( 64)
  1        32000      7000  ( 56)
  1        44100      7000  ( 56)
  1        48000      7000  ( 56)
  1        16000      6000  ( 48)
  1        22050      6000  ( 48)
  1        24000      6000  ( 48)
  1        32000      6000  ( 48)
  1        44100      6000  ( 48)
  1        48000      6000  ( 48)
  1        16000      5000  ( 40)
  1        22050      5000  ( 40)
  1        24000      5000  ( 40)
  1        16000      4000  ( 32)
  1        22050      4000  ( 32)
  1        24000      4000  ( 32)
  1        16000      3000  ( 24)
  1        22050      3000  ( 24)
  1        24000      3000  ( 24)
  1        11025      2500  ( 20)
  1        12000      2500  ( 20)
  1        16000      2500  ( 20)
  1        11025      2250  ( 18)
  1        12000      2250  ( 18)
  1        16000      2250  ( 18)
  1         8000      2000  ( 16)
  1        11025      2000  ( 16)
  1        12000      2000  ( 16)
  1        16000      2000  ( 16)
  1         8000      1000  (  8)
  1        11025      1000  (  8)
  1        12000      1000  (  8)
